6.174798232965984512e-01
6.196806350740187153e-01
6.218114789091431227e-01
6.249104779012518707e-01
6.276854188122373834e-01
6.322972178505975593e-01
6.342374930526272214e-01
6.362778624820654150e-01
6.380966708289633749e-01
6.450533392091277740e-01
6.518384731383274344e-01
6.552616313343564425e-01
6.555815215225022641e-01
6.576023389354220816e-01
6.684679368554731216e-01
6.785310053309808742e-01
6.847915155798922626e-01
6.876201042402130259e-01
6.896392029321875006e-01
6.926888818126343272e-01
6.955876381109837858e-01
7.028064934776477868e-01
7.046040944913122273e-01
7.098248965991861281e-01
7.084829333677568064e-01
7.169665085359023804e-01
7.195720171519112141e-01
7.196585003073104891e-01
7.241934521365714916e-01
7.284586731626389033e-01
7.265790202544528675e-01
7.279456962520648444e-01
7.291801836372828749e-01
7.280871151691177268e-01
7.274962635521665666e-01
7.271926845562507458e-01
7.270792100648723055e-01
7.270781346612473772e-01
7.308560387248194123e-01
7.348624840194371011e-01
7.374267976473967146e-01
7.384981021052450245e-01
7.437285224873280143e-01
7.453909129686733248e-01
7.475121992041359187e-01
7.477143896467866035e-01
7.469095993468437555e-01
7.497638349010059544e-01
7.529077065409151004e-01
7.587091284499221100e-01
7.598004203127777245e-01
7.626987036762968852e-01
7.642129112375457556e-01
7.686699856164755928e-01
7.736924999271250769e-01
7.792216476739167730e-01
7.861754162542806679e-01
7.941939782511391321e-01
7.977849492256792185e-01
7.990043555516810336e-01
8.036767203014734129e-01
8.056572045002285964e-01
8.058431320459708003e-01
8.081107942251137821e-01
8.103779785128872870e-01
8.146012057350562330e-01
8.196227475557293918e-01
8.230949405861276436e-01
8.239927306229908321e-01
8.236206251898777753e-01
8.239583581305165438e-01
8.287301901188112163e-01
8.299919290304162978e-01
8.326045433543244334e-01
8.344849737525583677e-01
8.355852730751730517e-01
8.367068923534761726e-01
8.336792951676780250e-01
8.311275169358128823e-01
8.303528128628174798e-01
8.321281752006459698e-01
8.308498034648003072e-01
8.342517293580021809e-01
8.362629355643057538e-01
8.384279903362124031e-01
8.355779545221022619e-01
8.330749782744848453e-01
8.364342196954214215e-01
8.398450092715317172e-01
8.416357731032542144e-01
8.417807450004294312e-01
8.421147426389741231e-01
8.440593508376292853e-01
8.498476841754212252e-01
8.518193315771164231e-01
8.500387505552634559e-01
8.494071892468523233e-01
8.522147029421365261e-01
8.544270829379323473e-01
8.543207940083458185e-01
8.538011885416353364e-01
8.558401762975139659e-01
8.550786363688389624e-01
8.585327037457001209e-01
8.604767273173037356e-01
8.629810531785673255e-01
8.649024890367803531e-01
8.694818071882511878e-01
8.710563473433097226e-01
8.696298085598144212e-01
8.699690648568731977e-01
8.671157257273841568e-01
8.667207365204789848e-01
8.676014599882585498e-01
8.687687889711100953e-01
8.705914498545231917e-01
8.740982544584338099e-01
8.771887289649328290e-01
8.766557008471301815e-01
8.757508721608717739e-01
8.766302489284777399e-01
8.790560163077908440e-01
8.794739630475517655e-01
8.775691099382404436e-01
8.768708559869933250e-01
8.792686509133069706e-01
8.793161320714448781e-01
8.774892823441855505e-01
8.783957045753617576e-01
8.788427539080001516e-01
8.835986392772079423e-01
8.863717363468546218e-01
8.873792104308527717e-01
8.867192710588008842e-01
8.894786320651228984e-01
8.906053254828546484e-01
8.878139579591882713e-01
8.855873345515816730e-01
8.803552250168221738e-01
8.800367065084446772e-01
8.829527457802454071e-01
8.824175818247027570e-01
8.836497109884811074e-01
8.819695135650001960e-01
8.799407303004924685e-01
8.830683760258124515e-01
8.868307954410524774e-01
8.849372162802351394e-01
8.824569233071785090e-01
8.782442453248451297e-01
8.769595810499878352e-01
8.754546368807957224e-01
8.719811770446845856e-01
8.706589676523869281e-01
8.721234126024657307e-01
8.755548869696393455e-01
8.769901281533608595e-01
8.817716578966321439e-01
8.847002523954343722e-01
8.865843329004005069e-01
8.874574001071398044e-01
8.878490473984319564e-01
8.884634431638499530e-01
8.919834079220266831e-01
8.979184142799299106e-01
8.997527806308732723e-01
9.000559463474436805e-01
9.005913923215661532e-01
9.007989808953201782e-01
8.988259503538081896e-01
9.024833049220829517e-01
9.016855761558292270e-01
9.013428761861129734e-01
9.008150731840539605e-01
8.995676352195085546e-01
9.009620780980633903e-01
9.002712448332974571e-01
8.993517091048233159e-01
8.970409806564566546e-01
8.945703700773252054e-01
8.943276429896760416e-01
8.941503491580706786e-01
8.943496661223051536e-01
8.972436883925132278e-01
8.988313888499254167e-01
8.968792186140180922e-01
8.993357116656427452e-01
9.031744608947298580e-01
9.084689479958965030e-01
9.090714951737892680e-01
9.077063687150062066e-01
9.068779740647002763e-01
9.071772217495899238e-01
9.049404530692352067e-01
9.021280411149633638e-01
9.031848525135149908e-01
9.025896129451855820e-01
9.046599057249773423e-01
9.053009804263405513e-01
9.035861184489100140e-01
9.010809137331100560e-01
8.996131918843222053e-01
8.980924350479863039e-01
8.981913978078785998e-01
8.985321208122210024e-01
8.960554210745664827e-01
8.969331028002354156e-01
8.954577687188778334e-01
8.967235297950484352e-01
8.980764279291852947e-01
8.965532415893252560e-01
8.967477490162368836e-01
8.994588221120497495e-01
9.003414028967304805e-01
9.058026648374245537e-01
9.061979744937030956e-01
9.102923917937690845e-01
9.145621263359007269e-01
9.162972551251543640e-01
9.164804147627091391e-01
9.158944530457787669e-01
9.154811670507589927e-01
9.143295942420600619e-01
9.142729948610235358e-01
9.146495308887804265e-01
9.145839061154885652e-01
9.139819705630223279e-01
9.105492665384207207e-01
9.098512976002689490e-01
9.125219844170054939e-01
9.104893699824958553e-01
9.088475621604279464e-01
9.086434962748874966e-01
9.077527003185874577e-01
9.086359867476302421e-01
9.099915057578777944e-01
9.139556805623585412e-01
9.133387873858445083e-01
9.141602435303388674e-01
9.151398066162080847e-01
9.169800693821280602e-01
9.160448582450158028e-01
9.165623681148136193e-01
9.189072430300176952e-01
9.169010179969090402e-01
9.170594739937451001e-01
9.148138143928553623e-01
9.133702777915780890e-01
9.167453465679330504e-01
9.167675844076557112e-01
9.177580249774281995e-01
9.154223246238223366e-01
9.154877047518968913e-01
9.162159838115619959e-01
9.150014953833253140e-01
9.153731806989706676e-01
9.170722764838349361e-01
9.156000321220929550e-01
9.146367650740210298e-01
9.127235795215117298e-01
9.116121863656746482e-01
9.077819633979099523e-01
9.070875203107341411e-01
9.053549719722888689e-01
9.045759024144788274e-01
9.026727654432148418e-01
9.024160299299649468e-01
8.990488435846859527e-01
8.956935053534335056e-01
8.929421642206885057e-01
8.908224780782786345e-01
8.941323972209918036e-01
8.986494225088814680e-01
8.961667029440940624e-01
8.973167137635642554e-01
8.986152185884569432e-01
8.981675953498664544e-01
8.952019264172905721e-01
8.925614647202143592e-01
8.936236861637051332e-01
8.983655960504586258e-01
8.998680661584147478e-01
9.029165682956198369e-01
9.032472904855352036e-01
9.053621352835504732e-01
9.046741666338401489e-01
9.055084101062486068e-01
9.058585684432594043e-01
9.054565297507715105e-01
9.037800687237848019e-01
9.040679486461831171e-01
9.041322592378958634e-01
9.044551235129992817e-01
9.057993762627249978e-01
9.042369301934857218e-01
9.035809166611823429e-01
9.080413744299030698e-01
9.092176340318276484e-01
9.084658798542009084e-01
9.076838573178502845e-01
9.080964406243943188e-01
9.118500942952144639e-01
9.133959844170198572e-01
9.172996751887497746e-01
9.200339803895772883e-01
9.214432660589808588e-01
9.216483282761925855e-01
9.182079189693032051e-01
9.182075215183169714e-01
9.197224305869734495e-01
9.207495169250250466e-01
9.199806881428269634e-01
9.202702123885346808e-01
9.206222662273103596e-01
9.190279047562011083e-01
9.195682734250878454e-01
9.165245322212077772e-01
9.149838611265440624e-01
9.144644328579540904e-01
9.127948567286219284e-01
9.108622149324568928e-01
9.087856041457040845e-01
9.061305195935188683e-01
9.050853281318635979e-01
9.034051881763934810e-01
9.002010468214772798e-01
9.006072836311188601e-01
9.019197505287446237e-01
9.029309361197644934e-01
9.039346989797198972e-01
9.051272167362542920e-01
9.057732830193256923e-01
9.058049318314128628e-01
9.046050473060061048e-01
9.034578089774110143e-01
9.028143575843735613e-01
9.067772537180844861e-01
9.054376186592042464e-01
9.044862015743925232e-01
9.061776912706908105e-01
9.067216158053107433e-01
9.062061631523481431e-01
9.052825976503424688e-01
9.074046714863350793e-01
9.065265749582663846e-01
9.083133296424805714e-01
9.099892801875982817e-01
9.079140330449988472e-01
9.071666785827841029e-01
9.071043401290062036e-01
9.083185642454808528e-01
9.067469823797215112e-01
9.047981108903027092e-01
9.060452078374094942e-01
9.062452584709194126e-01
9.059427022093639037e-01
9.059526768304339006e-01
9.052877927760664134e-01
9.026012847179682996e-01
9.003169198959545261e-01
8.996009466275636246e-01
9.011992887434278066e-01
9.005570894252082903e-01
9.015913888018420863e-01
9.020927202437915016e-01
8.990792135898333370e-01
8.986429967323845691e-01
8.986835005239561802e-01
9.027280913939097484e-01
9.043664559311189732e-01
9.049039224347155130e-01
9.029563613172117975e-01
9.028458353643558087e-01
9.037888616606795100e-01
9.059210364611631761e-01
9.066407891761337767e-01
9.065536435222432132e-01
9.040314823391033539e-01
9.016627009301525497e-01
9.026471687651156373e-01
9.041435572267731979e-01
9.041220532595630743e-01
9.032926842534223510e-01
9.009362397899630670e-01
9.003649745017319184e-01
8.992205809818444306e-01
9.000634077084853635e-01
9.023106915127704353e-01
9.000923912540127469e-01
9.010772193792114804e-01
9.034220300049723429e-01
9.015881423525053950e-01
9.034946905563967512e-01
9.010838875575721829e-01
9.009073096975521722e-01
8.984792720863893356e-01
8.990954302124926079e-01
8.984820479179369546e-01
8.966010607392073117e-01
8.952436346023348035e-01
8.950276669540361274e-01
8.942195675006795463e-01
8.939889056008710755e-01
8.932788049344583259e-01
8.912632046291243393e-01
8.897470134850337109e-01
8.852893167515180073e-01
8.835538777897133933e-01
8.889974999117111754e-01
8.912936904139433514e-01
8.907497017504892867e-01
8.926651163294304636e-01
8.947254519227226810e-01
8.958444266555449786e-01
8.942942643909636002e-01
8.908321401569677667e-01
8.916952634530851407e-01
8.920691700672711555e-01
8.900331797510573351e-01
8.888574174620412771e-01
8.908762881331981909e-01
8.894705248352657856e-01
8.892748369238594464e-01
8.909700420128584542e-01
8.941318853519170107e-01
8.927385773076272901e-01
8.935635238239969524e-01
8.937834362299831303e-01
8.935418386675623159e-01
8.932596442801207237e-01
8.960859865660543155e-01
8.924848356793958493e-01
8.932612248734097538e-01
8.928920646431498520e-01
8.934626671238978801e-01
8.948258554360780659e-01
8.942616682419691765e-01
8.935145801083708150e-01
8.949848022892974431e-01
8.965613147674316163e-01
8.983443552713322733e-01
8.998343863736512072e-01
9.014734011380037826e-01
8.986916125141470868e-01
8.949166867531755942e-01
8.947182290049302544e-01
8.963119427077186341e-01
8.952218741190148821e-01
8.936534047122028923e-01
8.931965320124107821e-01
8.932903070998470252e-01
8.902226063179008442e-01
8.898149314939478582e-01
8.918471493756178203e-01
8.916298980899486359e-01
8.929218852853100241e-01
8.907021773503549511e-01
8.899809686146447074e-01
8.853671924863342202e-01
8.851893685327417716e-01
8.864839542300988473e-01
8.867822173851335199e-01
8.843054775106589105e-01
8.843733197893640652e-01
8.836530369317467937e-01
8.849685741205851608e-01
8.863653983700623407e-01
8.866812101493034559e-01
8.852292279462025126e-01
8.837956556042562140e-01
8.833107076584699735e-01
8.837458156818960298e-01
8.832243513586705008e-01
8.849359001016436910e-01
8.871797661414800862e-01
8.888537862998122652e-01
8.897355333496342888e-01
8.901554053868176997e-01
8.884770894254682139e-01
8.927707187031521663e-01
8.923078145301865938e-01
8.903995712812744490e-01
8.928881883120136642e-01
8.934860672055280340e-01
8.921408623714109920e-01
8.922575851804266378e-01
8.913801547924624646e-01
8.956612697268889756e-01
8.952914928137171158e-01
8.943723671429765210e-01
8.928915375990987835e-01
8.906549703456339007e-01
8.917020103647425033e-01
8.912579182442293968e-01
8.915438342440260566e-01
8.915215402130823863e-01
8.895439833233507176e-01
8.895917621829557698e-01
8.898103694086160198e-01
8.901504124158134967e-01
